1111111111111111111111111111111111
1111111110000000001100000000000011
1111111110110000011100000000000011
1111111110010000000000000000000011
1111111110110000011100000000000011
1000000000110000011101100011111111
1111011111111101110000001000111111
1111011111111101110101001000111111
1100000011010101110000001000111111
1000000000000000110000001000111111
1000000000000000110101001000111111
11000001110101011111011110P0111111
1111011111110101110111101000111111
1111111111111111111111111111111111
1111111111111111111111111111111111

are we using ft_malloc everywhere?